,city,cloudiness,country,date,humidity,lat,lng,max_temp,wind_speed
0,Bireun,24,ID,1547915586,100,5.2,96.7,81.87,9.53
1,Saint-Francois,90,FR,1547913600,81,46.42,3.91,39.2,6.93
2,East London,0,ZA,1547913060,56,-33.02,27.91,68.0,24.16
3,Mataura,100,NZ,1547915028,91,-46.19,168.86,50.1,26.17
4,Ribeira Grande,40,PT,1547911800,82,38.52,-28.7,64.4,4.7
5,Hobart,20,AU,1547913600,52,-42.88,147.33,64.4,17.22
6,Pitelino,80,RU,1547915593,84,54.58,41.81,18.51,11.77
7,Hilo,75,US,1547913180,89,19.71,-155.08,66.02,6.93
8,Bethel,1,US,1547913360,86,60.79,-161.76,3.02,10.29
9,Punta Arenas,75,CL,1547913600,58,-53.16,-70.91,59.0,32.21
10,Bredasdorp,0,ZA,1547913600,40,-34.53,20.04,68.0,14.99
11,Saravan,40,AM,1547913600,73,39.72,45.65,32.0,2.24
12,Saskylakh,64,RU,1547915295,35,71.97,114.09,-23.66,13.42
13,Talas,75,TR,1547913000,79,38.69,35.55,19.4,1.23
14,Aleksandrov Gay,88,RU,1547915602,94,50.14,48.57,31.2,8.19
15,Gizo,0,IL,1547913000,47,31.8,34.94,57.2,4.7
16,Talnakh,68,RU,1547915318,78,69.49,88.39,12.12,14.88
17,Busselton,0,AU,1547915076,82,-33.64,115.35,74.99,15.66
18,Fayaoue,32,NC,1547915607,100,-20.65,166.53,78.36,18.25
19,Maralal,0,KE,1547915608,84,1.1,36.7,58.92,2.48
20,Castro,0,CL,1547913600,64,-42.48,-73.76,69.8,8.05
21,Mount Gambier,0,AU,1547913600,93,-37.83,140.78,51.8,2.24
22,Shieli,88,KZ,1547915611,89,44.18,66.74,32.19,8.19
23,Taoudenni,0,ML,1547915612,17,22.68,-3.98,63.47,8.86
24,Husavik,8,CA,1547915614,64,50.56,-96.99,-22.13,9.98
25,Beya,44,RU,1547915615,67,53.05,90.92,-2.51,1.92
26,Ushuaia,40,AR,1547913600,54,-54.81,-68.31,55.4,27.51
27,Yellowknife,90,CA,1547910000,75,62.45,-114.38,-13.01,12.75
28,Juan Lacaze,20,UY,1547913600,64,-34.43,-57.44,73.4,10.29
29,Ipixuna,88,BR,1547915619,92,-1.76,-48.8,80.12,2.93
30,Grand Gaube,40,MU,1547913600,74,-20.01,57.66,82.4,3.36
31,Tiksi,8,RU,1547915137,0,71.64,128.87,-47.06,3.24
32,Hermanus,0,ZA,1547914831,54,-34.42,19.24,67.43,5.93
33,Hithadhoo,88,MV,1547914897,100,-0.6,73.08,80.75,5.59
34,Sinop,64,TR,1547915560,90,42.03,35.15,48.89,5.39
35,Albany,90,US,1547913240,58,42.65,-73.75,26.06,11.41
36,Sao Gabriel da Cachoeira,40,BR,1547913600,79,-0.13,-67.09,84.2,4.7
37,Neiafu,75,TO,1547913600,88,-18.65,-173.98,80.6,7.18
38,Airai,24,TL,1547915396,94,-8.93,125.41,70.4,0.89
39,Luderitz,0,NA,1547914889,52,-26.65,15.16,72.02,25.05
40,Upernavik,24,GL,1547915307,100,72.79,-56.15,-4.08,13.98
41,Cape Town,0,ZA,1547913600,45,-33.93,18.42,68.0,24.16
42,Sorong,88,ID,1547915634,100,-0.86,131.25,81.87,5.84
43,Rikitea,76,PF,1547914830,100,-23.12,-134.97,79.49,13.31
44,Ponta do Sol,0,BR,1547915183,70,-20.63,-46.0,85.16,8.61
45,Ukholovo,68,RU,1547915637,88,53.79,40.49,20.9,12.44
46,Khandagayty,44,MN,1547915639,49,50.73,92.07,-20.24,2.37
47,Kanchipuram,20,IN,1547913600,78,12.84,79.71,75.2,3.36
48,Dzaoudzi,20,YT,1547913600,83,-12.79,45.27,82.4,5.82
49,Lata,12,IN,1547915642,82,30.78,78.62,30.89,2.15
50,Norman Wells,75,CA,1547913600,65,65.28,-126.83,3.2,26.4
51,Roebourne,0,AU,1547915645,60,-20.77,117.15,82.86,8.19
52,Nome,90,US,1547914500,64,30.04,-94.42,53.06,19.46
53,Qaanaaq,0,GL,1547914838,64,77.48,-69.36,-22.71,12.19
54,Hastings,24,NZ,1547915413,85,-39.64,176.84,71.25,11.88
55,Yulara,92,AU,1547913600,54,-25.24,130.99,78.8,14.99
56,Chuy,20,UY,1547914828,91,-33.69,-53.46,71.52,18.79
57,Salalah,0,OM,1547913000,69,17.01,54.1,77.0,2.24
58,Antalaha,92,MG,1547915652,100,-14.9,50.28,75.35,9.31
59,Okhotsk,32,RU,1547915462,100,59.36,143.24,-15.56,10.2
60,Sfantu Gheorghe,90,RO,1547913600,86,44.65,26.83,33.8,12.75
61,Port Alfred,0,ZA,1547915061,74,-33.59,26.89,69.23,21.47
62,Shenjiamen,100,CN,1547915657,100,29.96,122.3,48.89,21.83
63,Valparaiso,90,US,1547914500,71,41.47,-87.06,28.4,19.46
64,South Valley,20,US,1547914500,69,35.01,-106.68,35.06,3.36
65,Butaritari,88,KI,1547914845,100,3.07,172.79,84.26,9.17
66,Teya,20,MX,1547912880,58,21.05,-89.07,82.4,13.87
67,Ekhabi,0,RU,1547915663,89,53.51,142.97,-0.62,17.25
68,Vilyuysk,68,RU,1547915664,58,63.75,121.63,-20.42,7.18
69,Berlevag,12,NO,1547915571,100,70.86,29.09,12.35,8.86
70,Kuliyapitiya,20,LK,1547910600,69,7.47,80.04,77.0,6.93
71,Flin Flon,5,CA,1547913600,66,54.77,-101.88,-32.81,3.36
72,Kapaa,75,US,1547913360,70,22.08,-159.32,73.04,14.99
73,Puerto Ayora,75,EC,1547913600,83,-0.74,-90.35,80.6,13.87
74,Oistins,40,BB,1547913600,58,13.07,-59.53,84.2,16.11
75,Dikson,64,RU,1547915672,100,73.51,80.55,9.92,4.72
76,Hatillo,1,PR,1547913000,74,18.49,-66.83,80.6,16.11
77,Leningradskiy,8,RU,1547915289,81,69.38,178.42,-12.81,16.22
78,Vaini,0,IN,1547915049,48,15.34,74.49,73.82,4.92
79,New Norfolk,20,AU,1547913600,52,-42.78,147.06,64.4,17.22
80,Ostrovnoy,8,RU,1547915190,74,68.05,39.51,-7.23,4.14
81,Deputatskiy,0,RU,1547915333,0,69.3,139.9,-62.85,2.68
82,Cabo San Lucas,20,MX,1547912400,40,22.89,-109.91,68.0,9.17
83,Atuona,0,PF,1547914842,100,-9.8,-139.03,81.11,19.13
84,Hovd,75,NO,1547913000,100,63.83,10.7,30.2,13.87
85,Boca Raton,1,US,1547914500,55,26.36,-80.08,78.08,10.29
86,Beringovskiy,92,RU,1547915105,100,63.05,179.32,2.27,7.05
87,Saint-Louis,0,CH,1547914800,64,47.59,7.56,35.6,3.36
88,Baie-Comeau,1,CA,1547913600,38,49.22,-68.15,-11.21,12.75
89,Tasiilaq,0,GL,1547913000,85,65.61,-37.64,23.0,26.4
90,Atar,0,MR,1547910000,15,20.52,-13.05,75.2,18.34
91,Namatanai,92,PG,1547915240,100,-3.66,152.44,80.48,10.74
92,Jian,0,IN,1547915691,75,25.65,87.89,55.95,5.61
93,La Ronge,20,CA,1547913600,65,55.1,-105.3,-34.61,3.91
94,Bluff,0,AU,1547914846,69,-23.58,149.07,73.14,8.61
95,Saldanha,92,PT,1547915540,98,41.42,-6.55,42.5,9.75
96,Saint George,40,GR,1547913000,76,39.45,22.34,51.8,6.93
97,Arraial do Cabo,0,BR,1547913600,58,-22.97,-42.02,98.6,14.99
98,Georgetown,75,GY,1547913600,74,6.8,-58.16,86.0,13.87
99,Kijang,90,KR,1547913600,93,35.24,129.21,42.8,2.24
100,Jamestown,68,AU,1547914820,60,-33.21,138.6,63.74,9.95
101,Sredniy Ikorets,0,RU,1547915701,80,51.07,39.76,15.45,8.75
102,Anadyr,75,RU,1547913600,83,64.73,177.51,-4.01,11.18
103,Kaitangata,68,NZ,1547915202,80,-46.28,169.85,51.14,31.99
104,Rawson,0,AR,1547915569,15,-43.3,-65.11,96.59,19.26
105,Lerwick,76,GB,1547914800,80,60.15,-1.15,41.0,10.29
106,Kudahuvadhoo,76,MV,1547915706,100,2.67,72.89,81.51,7.4
107,Rajnagar,0,BD,1547915707,86,24.52,91.87,55.05,4.05
108,Aitape,92,PG,1547915709,100,-3.15,142.36,75.57,5.84
109,Kemi,68,FI,1547914800,75,65.74,24.56,-13.01,4.7
110,Nikolskoye,75,RU,1547913600,92,59.7,30.79,21.2,11.18
111,Avarua,75,CK,1547913600,94,-21.21,-159.78,78.8,4.7
112,Mount Isa,0,AU,1547913600,20,-20.73,139.49,95.0,11.41
113,Bambous Virieux,40,MU,1547913600,74,-20.34,57.76,82.4,3.36
114,Guerrero Negro,0,MX,1547915499,42,27.97,-114.04,72.96,12.66
115,Pichayevo,0,RU,1547915716,87,51.79,41.22,17.52,9.75
116,Udachnyy,32,RU,1547915718,63,66.42,112.4,-8.99,4.16
117,Chokurdakh,56,RU,1547915287,0,70.62,147.9,-36.53,3.36
118,Piet Retief,92,ZA,1547915543,99,-27.01,30.81,58.7,7.63
119,Bay Roberts,75,CA,1547913600,80,47.58,-53.28,35.6,6.93
120,Caruray,20,PH,1547910000,74,10.31,119.01,78.8,11.41
121,Yarada,0,IN,1547913600,83,17.65,83.27,69.8,3.36
122,Coquimbo,75,CL,1547913600,72,-29.95,-71.34,64.4,9.17
123,Faanui,64,PF,1547915155,100,-16.48,-151.75,81.87,14.43
124,Fortuna,0,ES,1547913600,47,38.18,-1.13,59.0,2.48
125,San Patricio,56,PY,1547915244,84,-26.98,-56.83,71.57,6.6
126,Namibe,75,AO,1547910000,69,-15.19,12.15,80.6,14.99
127,Vila Velha,75,BR,1547913600,100,-3.71,-38.6,77.0,4.7
128,Harper,40,US,1547913300,57,30.3,-99.24,44.96,23.04
129,Muroto,48,JP,1547915732,100,33.37,134.14,44.34,7.85
130,Aswan,0,EG,1547915734,79,24.09,32.9,50.1,3.6
131,Ilulissat,75,GL,1547913000,78,69.22,-51.1,8.6,8.05
132,Bilibino,8,RU,1547915508,92,68.06,166.44,-41.79,2.26
133,Aguimes,75,ES,1547913600,72,27.91,-15.45,64.4,20.8
134,Tuktoyaktuk,20,CA,1547910000,76,69.44,-133.03,-5.81,11.41
135,Wanaka,0,NZ,1547915739,59,-44.7,169.14,46.5,9.31
136,Marsaxlokk,20,MT,1547914500,76,35.84,14.54,55.4,4.7
137,Petropavlovsk-Kamchatskiy,75,RU,1547913600,74,53.05,158.65,30.2,6.71
138,Adeje,32,NG,1547915743,87,5.68,5.76,79.85,6.06
139,Corum,44,TR,1547915744,69,38.8,29.89,18.74,2.59
140,Alofi,80,NU,1547913600,94,-19.06,-169.92,77.0,12.66
141,Novyy Urengoy,0,RU,1547915583,69,66.08,76.63,1.77,15.68
142,Houma,0,CN,1547915747,76,35.63,111.36,13.25,2.26
143,Matagami,8,NG,1547915748,30,9.67,8.4,77.24,5.17
144,Bonthe,56,SL,1547915267,68,7.53,-12.5,87.5,4.03
145,Tual,88,ID,1547915751,100,-5.67,132.75,81.06,11.88
146,Mar del Plata,0,AR,1547915752,23,-46.43,-67.52,89.84,20.71
147,Yar-Sale,0,RU,1547915158,85,66.83,70.83,2.72,16.33
148,Bandarbeyla,68,SO,1547915754,100,9.49,50.81,76.11,12.44
149,Port Elizabeth,90,US,1547913360,63,39.31,-74.98,37.94,5.82
150,Requena,0,ES,1547913600,41,39.49,-1.1,57.2,11.41
151,Meulaboh,76,ID,1547915564,100,4.14,96.13,78.23,2.15
152,Inhambane,75,MZ,1547913600,78,-23.87,35.38,82.4,13.87
153,Thinadhoo,92,MV,1547915275,100,0.53,72.93,81.24,9.4
154,Bahia Blanca,0,AR,1547915634,39,-38.72,-62.27,86.64,10.98
155,Vila Franca do Campo,75,PT,1547913600,82,37.72,-25.43,60.8,13.87
156,Nyurba,76,RU,1547915764,61,63.29,118.35,-13.31,2.71
157,Bembereke,48,BJ,1547915765,41,10.23,2.66,88.44,3.15
158,Vila do Maio,40,CV,1547910000,53,15.13,-23.22,75.2,23.04
159,Lakselv,75,NO,1547913000,84,70.05,24.96,8.6,14.99
160,Arman,80,RU,1547915769,48,59.7,150.17,-17.36,3.38
161,Aksarka,48,RU,1547915575,61,66.56,67.8,-2.73,11.21
162,Hillsborough,75,US,1547914440,74,37.57,-122.38,57.2,4.7
163,Fare,80,PF,1547915199,100,-16.7,-151.02,82.01,13.65
164,Kodiak,90,US,1547913300,87,39.95,-94.76,14.0,19.46
165,Ixtapa,20,MX,1547912820,68,20.71,-105.21,71.6,4.7
166,Birao,0,CF,1547915776,23,10.3,22.78,76.92,8.75
167,Dillon,40,US,1547913180,74,45.22,-112.64,28.94,13.87
168,Port Hardy,90,CA,1547913600,87,50.7,-127.42,42.8,5.82
169,Rajshahi,0,BD,1547915779,85,24.37,88.59,53.61,2.82
170,Marsa Matruh,40,EG,1547910000,67,31.35,27.25,59.0,4.7
171,Buala,92,SB,1547915781,99,-8.15,159.59,80.61,3.15
172,Savannah Bight,40,HN,1547913600,69,16.45,-85.85,80.6,2.24
173,Caravelas,0,BR,1547915489,100,-17.73,-39.27,80.97,16.02
174,Esperance,75,TT,1547913600,51,10.24,-61.45,86.0,16.11
175,Garowe,0,SO,1547915786,60,8.41,48.48,73.95,12.33
176,Mayna,44,RU,1547915787,67,53.0,91.49,-2.51,1.92
177,Santa Rosa,0,AR,1547915790,47,-36.62,-64.29,83.04,16.02
178,Barrow,0,AR,1547915426,46,-38.31,-60.23,81.96,8.41
179,Wanning,20,AT,1547914800,74,48.64,13.53,28.4,5.82
180,Miles City,1,US,1547913180,91,46.41,-105.84,6.98,5.82
181,Carutapera,64,BR,1547915795,84,-1.2,-46.02,82.14,6.51
182,Ambon,75,FR,1547913600,76,47.55,-2.56,50.0,5.82
183,Leh,48,IN,1547915797,72,34.16,77.58,-12.77,1.14
184,Lebu,0,ET,1547915018,28,8.96,38.73,68.96,7.16
185,Sitka,8,US,1547915214,69,37.17,-99.65,19.19,20.47
186,Ahuimanu,75,US,1547913420,89,21.44,-157.84,73.04,12.75
187,Guane,48,CU,1547915802,66,22.2,-84.09,79.71,8.97
188,Kishi,20,NG,1547915803,38,9.08,3.85,87.68,2.93
189,Douglas,0,US,1547915804,22,31.34,-109.55,50.64,11.43
190,Piacenza,75,IT,1547914800,65,45.05,9.69,41.0,3.36
191,Manaus,40,BR,1547913600,83,-3.13,-59.98,80.6,6.93
192,Kavieng,92,PG,1547915261,100,-2.57,150.8,78.27,18.79
193,Clyde River,20,CA,1547913600,74,70.47,-68.59,-25.61,4.7
194,Alice Town,0,BS,1547915810,100,25.72,-79.3,73.64,13.44
195,Severo-Kurilsk,76,RU,1547915811,100,50.68,156.12,30.75,13.0
196,Mahebourg,40,MU,1547913600,74,-20.41,57.7,82.4,3.36
197,Portland,90,US,1547914620,95,45.52,-122.67,50.0,3.36
198,Provideniya,56,RU,1547915814,100,64.42,-173.23,16.49,6.96
199,Winslow,90,GB,1547915340,100,51.94,-0.88,41.0,6.93
200,Manokwari,48,ID,1547915809,100,-0.87,134.08,80.84,2.15
201,Saint-Philippe,1,CA,1547913600,57,45.36,-73.48,-5.44,11.41
202,Viedma,0,AR,1547915819,20,-40.81,-62.99,91.64,18.03
203,Smithers,90,CA,1547913600,92,54.78,-127.17,23.0,4.7
204,Sao Joao do Piaui,68,BR,1547915821,68,-8.36,-42.25,87.27,5.73
205,Daro,36,GN,1547915822,62,8.52,-9.57,80.97,2.48
206,Yaan,0,NG,1547915824,53,7.38,8.57,87.5,2.93
207,Maceio,40,BR,1547913600,62,-9.67,-35.74,86.0,14.99
208,Roald,40,NO,1547913000,92,62.58,6.12,30.2,4.7
209,Mindelo,75,PT,1547911800,93,41.31,-8.72,57.2,9.17
210,Goundam,0,ML,1547915828,23,16.42,-3.66,73.55,11.32
211,Cherskiy,36,RU,1547915829,45,68.75,161.3,-28.16,6.17
212,Hay River,75,CA,1547913600,69,60.82,-115.79,-7.61,14.99
213,Rio Grande,90,BR,1547913600,83,-32.03,-52.1,69.8,14.99
214,Tessalit,0,ML,1547915021,22,20.2,1.01,73.05,12.64
215,Nuuk,75,GL,1547913000,79,64.17,-51.74,28.4,5.82
216,Orlik,20,RU,1547915835,42,52.51,99.83,-17.94,3.04
217,Carnarvon,0,ZA,1547915327,7,-30.97,22.13,77.55,10.51
218,Kahului,40,US,1547913600,90,20.89,-156.47,71.06,14.99
219,Loanda,68,BR,1547915838,74,-22.93,-53.14,85.65,8.63
220,Lyuban,80,BY,1547915840,90,52.8,28.0,25.67,9.75
221,Fairbanks,90,US,1547913780,84,64.84,-147.72,1.04,2.68
222,Lavrentiya,56,RU,1547915842,100,65.58,-170.99,5.33,8.63
223,Rossland,80,CA,1547915843,94,49.08,-117.8,29.27,0.69
224,Port Blair,20,IN,1547915844,100,11.67,92.75,81.29,17.02
225,Khatanga,8,RU,1547915310,33,71.98,102.47,-9.17,5.48
226,Juba,20,EE,1547913000,68,57.82,26.93,26.6,9.17
227,Dubai,40,AE,1547913600,56,25.27,55.3,68.0,16.11
228,Zlitan,0,LY,1547915849,90,32.47,14.57,49.34,5.39
229,Glendive,40,US,1547914500,86,47.11,-104.71,10.4,5.82
230,Paranhos,36,PY,1547915851,79,-23.89,-55.43,84.08,7.29
231,Rocha,56,UY,1547915852,65,-34.48,-54.34,72.02,12.77
232,Ibra,20,OM,1547915854,70,22.69,58.55,58.56,1.59
233,Gunjur,0,GM,1547913600,22,13.18,-16.76,86.0,12.75
234,Torbay,75,CA,1547913600,80,47.66,-52.73,35.6,6.93
235,Shakawe,44,BW,1547915857,92,-18.36,21.84,71.03,3.94
236,Bestobe,0,KZ,1547915858,67,52.5,73.1,7.94,7.85
237,Moree,36,AU,1547913600,39,-29.46,149.84,82.4,8.05
238,Tacoronte,75,ES,1547913600,87,28.48,-16.41,68.0,11.41
239,Narsaq,90,GL,1547913000,79,60.91,-46.05,21.2,12.75
240,Sandnessjoen,90,NO,1547914800,92,66.02,12.63,26.6,16.11
241,Isangel,80,VU,1547915306,100,-19.55,169.27,78.32,19.8
242,Port Lincoln,80,AU,1547915282,89,-34.72,135.86,66.17,12.97
243,Kuala Terengganu,75,MY,1547913600,83,5.33,103.14,80.6,8.05
244,Kholodnyy,56,RU,1547915867,0,62.72,147.95,-40.94,2.71
245,Geraldton,5,CA,1547913600,67,49.72,-86.95,-22.01,3.58
246,Traverse City,75,US,1547914500,69,44.76,-85.62,13.82,10.29
247,Bitung,20,ID,1547913600,94,1.44,125.19,75.2,2.24
248,Victoria,75,BN,1547913600,88,5.28,115.24,82.4,6.93
249,Chaman,0,AF,1547915874,89,30.92,66.46,41.91,11.77
250,Te Anau,80,NZ,1547915875,91,-45.41,167.72,44.57,11.88
251,Thompson,5,CA,1547913600,65,55.74,-97.86,-38.21,4.7
252,Kharitonovo,68,RU,1547915877,86,61.4,47.5,13.52,8.08
253,Aleppo,8,SY,1547915878,81,36.2,37.17,31.02,2.82
254,La Peca,56,PE,1547915880,87,-5.61,-78.44,71.84,2.59
255,Zhigansk,68,RU,1547915881,51,66.77,123.37,-30.68,11.65
256,Iberia,36,PE,1547915882,67,-11.41,-69.49,87.72,0.81
257,Schleswig,32,DE,1547914800,74,54.52,9.57,35.6,5.82
258,Plouzane,68,FR,1547913600,87,48.38,-4.62,48.2,3.36
259,Novikovo,64,UA,1547915886,100,45.05,34.56,32.91,7.85
260,Naze,75,NG,1547910000,44,5.43,7.07,96.8,5.82
261,Teguldet,88,RU,1547915888,84,57.31,88.17,23.24,7.63
262,Katobu,88,ID,1547915890,100,-4.94,122.53,80.39,3.04
263,Komsomolskiy,68,RU,1547915478,87,67.55,63.78,13.07,10.65
264,Kardamaina,20,GR,1547914800,62,36.78,27.14,55.4,5.82
265,Devils Lake,90,US,1547914500,74,48.11,-98.87,-4.01,3.36
266,Chernushka,92,RU,1547915894,91,56.5,56.08,24.09,9.86
267,Santiago del Estero,8,AR,1547915444,78,-27.8,-64.26,78.5,5.95
268,La Baneza,90,ES,1547913600,97,42.3,-5.9,32.0,4.7
269,Iisalmi,40,FI,1547914800,83,63.56,27.19,-4.01,2.24
270,Cabedelo,40,BR,1547913600,55,-6.97,-34.84,87.8,14.99
271,Pevek,44,RU,1547915104,100,69.7,170.27,-18.53,8.95
272,Codrington,90,AU,1547913600,94,-28.95,153.24,73.4,5.82
273,Panaba,0,MX,1547915903,49,21.28,-88.27,86.78,7.96
274,Saint Anthony,90,US,1547913360,75,43.97,-111.68,30.92,6.93
275,Kavaratti,0,IN,1547915905,100,10.57,72.64,81.87,2.71
276,Burgos,40,ES,1547913600,100,42.34,-3.7,33.8,9.17
277,Dingle,48,PH,1547915170,74,11.0,122.67,76.7,14.76
278,Jorhat,0,IN,1547915908,81,26.76,94.21,51.23,3.15
279,Mercedes,0,UY,1547915910,56,-33.25,-58.03,79.62,10.31
280,San Carlos de Bariloche,0,AR,1547913600,14,-41.13,-71.31,82.4,5.82
281,Ratnagiri,0,IN,1547915728,100,16.98,73.3,76.65,7.74
282,Price,90,US,1547913180,77,39.6,-110.81,21.92,3.04
283,Waddan,92,LY,1547915914,45,29.16,16.14,64.77,15.9
284,Dwarka,20,IN,1547913600,67,28.58,77.04,59.0,3.36
285,Nanortalik,76,GL,1547915213,92,60.14,-45.24,26.52,31.43
286,Miri,8,NG,1547915918,44,10.31,9.75,74.63,3.15
287,Nemuro,32,JP,1547915919,100,43.32,145.57,28.1,19.37
288,Karratha,0,AU,1547915920,60,-20.74,116.85,82.86,8.19
289,Sibiti,12,CG,1547915921,84,-3.69,13.35,78.9,3.83
290,Katsuura,75,JP,1547913600,70,33.93,134.5,42.8,6.93
291,Alto Araguaia,32,BR,1547915924,92,-17.32,-53.22,79.26,4.72
292,Puerto Leguizamo,92,CO,1547915925,100,-0.19,-74.78,72.74,1.81
293,Taltal,24,CL,1547915561,73,-25.41,-70.49,71.61,4.16
294,Ust-Omchug,20,RU,1547915927,0,61.13,149.63,-44.45,2.48
295,Kuala Selangor,75,MY,1547913600,88,3.34,101.25,80.6,1.12
296,Mokhotlong,0,LS,1547915929,30,-29.29,29.06,56.04,2.37
297,Hofn,92,IS,1547915931,100,64.25,-15.21,41.42,22.84
298,Rome,40,IT,1547914800,81,41.89,12.48,50.0,5.82
299,Manaquiri,40,BR,1547913600,83,-3.43,-60.46,80.6,6.93
300,Mehamn,76,NO,1547915371,91,71.03,27.85,13.61,3.58
301,Lebedinyy,0,RU,1547915935,36,58.52,125.52,-25.28,4.94
302,Nichinan,88,JP,1547915936,100,31.65,131.31,49.74,6.96
303,San Vicente,20,SV,1547913000,48,13.64,-88.78,87.8,3.36
304,Port-Gentil,40,GA,1547913600,74,-0.72,8.78,86.0,12.75
305,Matei,75,RO,1547913600,85,46.98,24.27,33.8,5.82
306,Ahipara,92,NZ,1547915941,97,-35.17,173.16,67.2,9.75
307,Honningsvag,8,NO,1547915942,100,70.98,25.97,23.87,10.65
308,Coihaique,40,CL,1547913600,44,-45.58,-72.07,75.2,8.05
309,Pathein,0,MM,1547915945,91,16.78,94.73,66.08,3.71
310,Thung Song,0,TH,1547915946,94,8.16,99.67,70.04,2.59
311,Waingapu,20,ID,1547915947,100,-9.65,120.26,71.61,2.71
312,Paraiso,75,MX,1547913240,57,24.01,-104.61,48.2,11.1
313,Plettenberg Bay,0,ZA,1547915056,98,-34.05,23.37,66.08,14.99
314,Youkounkoun,0,GN,1547915951,26,12.53,-13.12,85.25,9.42
315,Erzin,0,TR,1547914800,81,36.95,36.2,44.6,5.82
316,Sur,0,OM,1547915385,100,22.57,59.53,72.02,11.74
317,Winnemucca,90,US,1547913360,78,40.97,-117.74,42.08,9.17
318,Klaksvik,64,FO,1547914800,86,62.23,-6.59,37.4,11.41
319,Mumbwa,24,ZM,1547915957,79,-14.99,27.06,70.89,6.96
320,Cidreira,100,BR,1547915234,100,-30.17,-50.22,71.21,18.01
321,Alyangula,0,AU,1547913600,94,-13.85,136.42,80.6,11.32
322,Longyearbyen,40,NO,1547913000,70,78.22,15.63,-0.41,4.7
323,Sao Filipe,0,CV,1547915961,90,14.9,-24.5,73.41,18.81
324,Pandan,48,PH,1547915963,96,11.72,122.09,80.3,21.05
325,Santander Jimenez,0,MX,1547915964,47,24.22,-98.47,65.85,21.5
326,Comodoro Rivadavia,0,AR,1547913600,12,-45.87,-67.48,93.2,21.92
327,Baykit,64,RU,1547915966,76,61.68,96.39,13.79,11.32
328,Broome,0,GB,1547914800,80,52.47,1.45,39.38,5.82
329,Hambantota,40,LK,1547910600,100,6.12,81.12,73.4,3.36
330,Bereda,75,ES,1547913600,100,43.27,-7.54,53.6,2.24
331,Kokomo,90,US,1547915640,92,40.49,-86.13,32.0,19.46
332,Xuchang,0,CN,1547913600,79,34.03,113.82,28.4,4.47
333,Merauke,64,ID,1547915470,100,-8.49,140.4,76.7,7.85
334,Waitati,0,NZ,1547915689,63,-45.75,170.57,51.45,21.72
335,Halvad,0,IN,1547915975,61,23.02,71.18,60.68,4.16
336,San Jeronimo,75,PE,1547913600,54,-13.65,-73.37,55.4,5.82
337,Lucea,20,JM,1547913600,65,18.44,-78.17,82.4,14.99
338,Buraydah,0,SA,1547913600,58,26.33,43.97,55.4,8.05
339,Shelburne,20,CA,1547913600,70,44.08,-80.2,6.8,6.93
340,Sao Miguel,44,BR,1547915981,55,4.52,-61.01,82.64,3.38
341,Urucara,44,BR,1547915983,80,-2.54,-57.76,82.73,3.15
342,Klishkivtsi,0,UA,1547913600,79,48.43,26.26,24.8,4.47
343,Sant,0,MN,1547915985,67,49.25,105.38,3.66,10.76
344,Chapais,1,CA,1547913600,67,49.78,-74.86,-27.41,6.93
345,Treinta y Tres,36,UY,1547915987,76,-33.23,-54.39,72.24,15.9
346,Grindavik,75,IS,1547913600,100,63.84,-22.43,35.6,12.75
347,Lazaro Cardenas,5,MX,1547912880,33,28.39,-105.62,46.4,5.82
348,Tarabha,0,IN,1547915991,79,20.73,83.65,53.16,2.71
349,Ketchikan,75,US,1547913360,82,55.34,-131.65,44.06,8.05
350,Oksfjord,90,NO,1547913000,84,70.24,22.35,24.8,6.06
351,Ofunato,20,JP,1547915994,77,39.11,141.75,33.54,6.62
352,Cap Malheureux,40,MU,1547913600,74,-19.98,57.61,82.4,3.36
353,Chernyshevskiy,68,RU,1547915997,78,63.01,112.47,-1.38,3.94
354,Moron,32,VE,1547915998,51,10.49,-68.2,85.34,2.93
355,Chabahar,0,IR,1547915999,99,25.29,60.65,72.69,14.45
356,Rionegro,75,CO,1547913600,68,6.15,-75.37,77.0,6.93
357,Kruisfontein,0,ZA,1547915482,76,-34.0,24.73,64.64,12.33
358,Kupang,100,ID,1547916002,100,-10.16,123.6,79.26,4.38
359,Mountain Home,90,US,1547913480,99,43.13,-115.69,39.02,17.22
360,Mazagao,40,BR,1547913600,63,-0.12,-51.29,91.4,9.17
361,Ko Samui,40,TH,1547910000,94,9.54,99.94,78.8,3.36
362,Anuradhapura,0,LK,1547916007,91,8.34,80.41,68.55,7.4
363,Saraland,75,US,1547914800,81,30.82,-88.07,69.98,17.22
364,Cranendonck,90,NL,1547915100,69,51.3,5.59,35.6,6.93
365,Svetlogorsk,75,RU,1547913600,85,53.14,59.15,19.4,6.71
366,Pisco,0,PE,1547913600,30,-13.71,-76.2,71.6,9.17
367,Llangefni,75,GB,1547914800,81,53.26,-4.31,46.4,4.7
368,Bathsheba,40,BB,1547913600,58,13.22,-59.52,84.2,16.11
369,Los Llanos de Aridane,75,ES,1547913600,63,28.66,-17.92,66.2,12.75
370,Kushima,88,JP,1547916017,100,31.5,131.29,49.74,6.96
371,Regeneracao,92,BR,1547916018,100,-6.24,-42.69,74.99,3.71
372,Seoul,75,KR,1547913600,69,37.57,126.98,37.4,6.93
373,Gurupi,12,BR,1547916020,92,-11.73,-49.07,86.01,6.73
374,Hasaki,75,JP,1547913600,59,35.73,140.83,37.4,5.82
375,Ancud,0,CL,1547913600,64,-41.87,-73.83,69.8,8.05
376,Barsovo,40,RU,1547913600,92,61.17,73.17,15.8,11.18
377,Teshie,0,GH,1547913600,62,5.58,-0.11,87.8,14.99
378,Gushikawa,1,JP,1547913600,76,26.35,127.87,66.2,4.7
379,Turka,32,UA,1547916027,66,49.16,23.03,9.24,2.48
380,Takaka,8,NZ,1547916028,92,-40.86,172.81,60.77,14.45
381,Marsh Harbour,8,BS,1547916030,100,26.54,-77.06,74.45,11.99
382,Haines Junction,36,CA,1547916031,73,60.75,-137.51,-9.26,2.37
383,Yumen,80,CN,1547915474,92,40.29,97.04,15.14,5.5
384,Rio Gallegos,0,AR,1547913600,32,-51.62,-69.22,69.8,23.04
385,Vytegra,68,RU,1547916034,86,61.01,36.45,13.52,11.43
386,Samana,90,EC,1547913600,94,0.12,-76.97,75.2,4.7
387,Bend,1,US,1547914500,87,44.06,-121.32,44.96,14.99
388,Soyo,20,AO,1547913600,70,-6.13,12.37,87.8,8.05
389,Kamenka,56,RU,1547915571,87,53.19,44.05,17.48,9.75
390,Vargashi,8,RU,1547916040,78,55.36,65.85,2.0,10.31
391,Souillac,92,FR,1547913600,87,45.6,-0.6,50.0,6.93
392,Joao Pinheiro,0,BR,1547916043,44,-17.74,-46.17,92.04,6.4
393,Lethem,0,GY,1547916044,40,3.38,-59.8,95.37,17.69
394,Blagoyevo,80,RU,1547916045,86,63.37,47.92,16.17,3.38
395,Sibolga,44,ID,1547916046,100,1.74,98.78,68.33,2.04
396,Usinsk,20,RU,1547916048,70,66.0,57.56,-5.61,3.15
397,Chipinge,0,ZW,1547916049,76,-20.19,32.62,78.54,9.64
398,Shingu,12,JP,1547916051,100,33.72,135.99,54.83,14.67
399,Thaba-Tseka,0,LS,1547916052,30,-29.52,28.61,56.04,2.37
400,Linhares,0,BR,1547916053,41,-19.38,-40.06,93.98,12.44
401,Sault Sainte Marie,1,CA,1547913600,56,46.49,-84.36,-11.03,5.82
402,Ippy,0,CF,1547916056,63,6.26,21.2,75.98,3.49
403,Yangambi,8,CD,1547916057,75,0.77,24.47,80.93,0.25
404,Padang,40,ID,1547913600,94,-0.92,100.36,80.6,1.12
405,Cockburn Town,32,TC,1547915416,100,21.46,-71.14,78.36,14.23
406,Panalingaan,20,PH,1547916061,98,8.78,117.42,74.63,4.61
407,Sadasivpet,0,IN,1547913600,60,17.62,77.95,71.6,5.39
408,Hamilton,20,BM,1547913300,60,32.3,-64.78,69.8,4.7
409,Batemans Bay,92,AU,1547916065,98,-35.71,150.18,64.77,1.92
410,Grays,90,GB,1547914800,80,51.48,0.32,41.0,9.17
411,Nova Olinda do Norte,32,BR,1547916067,73,-3.89,-59.1,87.27,3.83
412,Margate,20,AU,1547913600,52,-43.03,147.26,64.4,17.22
413,Damavand,40,IR,1547913600,37,35.72,52.07,37.4,4.7
414,Marataizes,8,BR,1547916071,76,-21.04,-40.82,87.54,18.59
415,Luanda,75,AO,1547913600,69,-8.83,13.24,82.4,11.41
416,Okahandja,100,NA,1547913600,18,-21.98,16.91,89.6,4.7
417,Kuantan,75,MY,1547913600,94,3.82,103.33,77.0,3.36
418,Imbituba,40,BR,1547913600,70,-28.24,-48.67,84.2,11.41
419,Nishihara,1,JP,1547913600,66,35.74,139.53,42.8,4.61
420,Lorengau,92,PG,1547916078,100,-2.02,147.27,75.66,6.73
421,Saint-Pierre,90,FR,1547913600,86,48.95,4.24,35.6,9.17
422,Yatou,75,CM,1547913600,79,3.63,9.81,86.0,9.17
423,Seymchan,20,RU,1547916082,0,62.93,152.39,-45.35,2.26
424,Akureyri,0,IS,1547913660,64,65.68,-18.09,39.2,5.82
425,Ilhabela,20,BR,1547916084,99,-23.78,-45.36,81.92,10.65
426,Paita,0,PE,1547913600,290,-5.09,-81.11,62.6,3.36
427,Bayshore Gardens,1,US,1547914500,55,27.43,-82.59,77.0,13.87
428,Mogadishu,0,SO,1547916088,100,2.04,45.34,78.9,22.73
429,Along,0,IN,1547916089,65,28.17,94.8,47.0,2.59
430,Ati,0,TD,1547916090,49,13.21,18.34,75.66,2.82
431,Shimoda,0,JP,1547916092,100,34.7,138.93,53.84,22.5
432,Brtnice,0,CZ,1547913600,73,49.31,15.68,26.6,4.7
433,Acari,20,BR,1547916094,100,-6.44,-36.64,78.59,5.95
434,Powell,90,US,1547915760,100,40.16,-83.08,33.98,10.29
435,Union,1,US,1547915700,100,47.36,-123.1,48.02,9.08
436,Bougouni,0,ML,1547915535,21,11.42,-7.49,84.17,7.85
437,Talakan,64,RU,1547916099,69,50.29,130.28,-10.29,4.94
438,Poum,88,MK,1547915564,98,41.28,20.71,35.52,1.92
439,Redmond,1,US,1547915700,100,47.67,-122.12,48.02,10.42
440,Lubango,12,AO,1547916103,43,-14.92,13.49,75.89,2.93
441,Ewa Beach,1,US,1547913420,81,21.32,-158.01,73.04,4.7
442,Hampton,1,US,1547914500,60,42.74,-93.2,8.96,13.87
443,Faya,20,SA,1547913600,76,18.39,42.45,59.0,8.05
444,Taraz,0,KZ,1547913600,93,42.89,71.39,35.6,8.95
445,San Luis,0,AR,1547916101,39,-33.3,-66.34,85.43,10.42
446,Mastic Beach,90,US,1547913360,56,40.77,-72.85,37.04,4.7
447,Okha,0,RU,1547916112,89,53.59,142.95,-0.62,17.25
448,Knurow,0,PL,1547915400,79,50.22,18.65,28.4,3.36
449,Ouadda,0,CF,1547916114,35,8.07,22.4,77.37,6.17
450,Tuatapere,68,NZ,1547915565,100,-46.13,167.69,51.77,25.52
451,Avera,90,US,1547914500,91,33.19,-82.53,61.34,9.17
452,Mubi,0,NG,1547916117,37,10.27,13.26,73.77,3.94
453,Mayor Pablo Lagerenza,0,PY,1547916118,56,-19.93,-60.77,85.52,12.66
454,Wonthaggi,0,AU,1547916120,94,-38.6,145.59,56.49,1.7
455,Tautira,20,PF,1547913600,78,-17.73,-149.15,78.8,4.7
456,Matara,75,PE,1547913600,54,-13.74,-72.9,55.4,5.82
457,Ucluelet,75,CA,1547913600,87,48.94,-125.55,44.6,5.28
458,Altay,0,CN,1547916125,31,47.83,88.13,-11.64,2.15
459,Biak,24,ID,1547915573,100,-0.91,122.88,77.15,3.71
460,Diapaga,36,BF,1547916127,32,12.07,1.79,89.93,6.4
461,Batticaloa,100,LK,1547916128,100,7.71,81.69,76.65,8.41
462,Sosua,40,DO,1547913600,74,19.77,-70.52,80.6,11.41
463,Madera,75,US,1547914800,92,36.96,-120.06,48.92,5.82
464,Riyadh,0,SA,1547913600,32,24.63,46.72,55.4,4.7
465,Porbandar,0,IN,1547916133,80,21.64,69.61,68.42,9.31
466,Omsukchan,20,RU,1547916134,76,62.53,155.8,-39.36,2.59
467,Sidi Ali,76,DZ,1547916135,91,36.1,0.42,50.33,6.51
468,Corinto,0,BR,1547916137,62,-18.36,-44.46,90.06,4.72
469,Bilma,8,NE,1547915572,27,18.69,12.92,64.5,7.63
470,Loukhi,88,RU,1547916139,86,66.08,33.04,10.37,5.39
471,Talara,0,PE,1547913600,290,-4.58,-81.27,62.6,3.36
472,Baculin,92,PH,1547916142,96,7.45,126.58,76.52,7.74
473,Qasigiannguit,75,GL,1547913000,78,68.82,-51.19,8.6,8.05
474,Westport,90,IE,1547913600,100,53.8,-9.52,41.0,2.24
475,Khandyga,20,RU,1547916145,0,62.65,135.58,-50.03,2.15
476,Balakhninskiy,68,RU,1547916146,76,58.01,114.28,9.65,5.06
477,Maniitsoq,76,GL,1547916147,100,65.42,-52.9,18.15,4.38
478,Mahibadhoo,80,MV,1547916149,100,3.78,72.97,80.84,10.09
479,Flinders,90,AU,1547913600,100,-34.58,150.85,64.4,3.36
480,Cururupu,64,BR,1547916151,88,-1.82,-44.87,82.64,5.17
481,Oskemen,75,KZ,1547913600,54,49.96,82.61,28.4,8.95
482,Waterfoot,90,GB,1547914800,80,53.69,-2.25,41.0,3.36
483,Hirara,0,JP,1547916155,100,24.8,125.28,72.2,5.5
484,Sao Felix do Xingu,92,BR,1547916156,100,-6.64,-51.99,72.29,3.38
485,Hualmay,12,PE,1547916157,71,-11.1,-77.61,77.55,4.94
486,Kirn,0,DE,1547914800,74,49.79,7.46,34.16,11.41
487,Sag,75,RO,1547915400,86,45.65,21.18,37.4,4.7
488,Mocuba,80,MZ,1547916161,87,-16.84,36.99,77.33,3.04
489,Dickinson,90,US,1547913360,79,46.88,-102.79,6.98,9.17
490,Simbahan,12,PH,1547916163,100,6.3,120.58,81.2,13.89
491,Snasa,76,NO,1547916164,78,64.25,12.38,22.52,4.38
492,Laramie,1,US,1547913480,62,41.31,-105.59,30.56,18.34
493,Safford,1,US,1547913060,39,32.83,-109.71,44.96,13.87
494,Manacapuru,40,BR,1547913600,83,-3.3,-60.62,80.6,6.93
495,Dharur,0,IN,1547916169,59,18.82,76.11,60.95,6.4
496,Axim,8,GH,1547915572,99,4.87,-2.24,83.09,10.98
497,Cedar City,1,US,1547913180,84,37.68,-113.06,26.06,1.92
498,Vanimo,68,PG,1547916172,100,-2.67,141.3,83.0,7.63
499,Kungurtug,12,RU,1547916173,30,50.6,97.53,-24.65,2.37
500,Cap-aux-Meules,75,CA,1547913600,61,47.38,-61.86,12.2,20.8
501,Durban,0,FR,1547913600,61,43.54,0.58,50.0,3.36
502,Katherine,76,AU,1547913600,88,-14.47,132.26,78.8,3.27
503,Guanare,8,VE,1547916178,75,9.04,-69.74,85.92,4.83
504,La Palma,20,CO,1547916180,62,5.36,-74.39,80.48,2.15
505,Konanur,0,IN,1547916181,65,12.63,76.05,60.32,6.17
506,Cayenne,75,GF,1547913600,70,4.94,-52.33,84.2,13.87
507,Storforshei,12,NO,1547916184,77,66.4,14.52,3.08,1.48
508,Shahdol,0,IN,1547916185,75,23.3,81.36,46.82,2.59
509,Skibbereen,75,IE,1547915400,87,51.55,-9.27,46.4,4.7
510,Jose de Freitas,75,BR,1547913600,70,-4.76,-42.58,86.0,2.24
511,San Ignacio,0,CL,1547913600,32,-36.8,-72.03,82.4,11.41
512,Sorland,44,NO,1547916190,100,67.67,12.69,35.52,12.44
513,Pampas,8,PE,1547916191,62,-12.4,-74.87,53.39,4.38
514,Itarema,80,BR,1547916192,89,-2.92,-39.92,81.51,8.08
515,Barreirinhas,68,BR,1547916194,85,-2.75,-42.83,80.97,10.2
516,Watertown,1,US,1547914500,73,44.9,-97.12,-9.41,4.5
517,Kashmor,56,PK,1547916196,73,28.43,69.58,58.34,10.42
518,Sayyan,8,YE,1547916197,75,15.17,44.32,45.02,2.15
519,Richards Bay,36,ZA,1547916198,78,-28.77,32.06,70.35,18.59
520,Ust-Ishim,8,RU,1547916200,78,57.69,71.17,4.7,4.27
521,Shubarshi,88,KZ,1547916201,84,48.59,57.19,20.67,3.15
522,Machinga,40,MW,1547913600,83,-15.18,35.3,75.2,4.7
523,Sawakin,0,SD,1547916203,100,19.1,37.33,63.92,5.95
524,Gundsomagle,36,DK,1547914800,100,55.74,12.15,33.8,8.05
525,Farafangana,68,MG,1547916206,98,-22.82,47.83,81.69,18.59
526,Sept-Iles,20,CA,1547913600,47,50.2,-66.38,-11.21,12.75
527,Denpasar,40,ID,1547913600,100,-8.65,115.22,78.8,1.59
528,Coruripe,32,BR,1547916209,100,-10.12,-36.18,80.16,12.33
529,Lafiagi,8,NG,1547916211,48,8.85,5.42,87.59,2.71
530,Kencong,12,ID,1547916212,94,-7.78,112.24,68.69,2.59
531,Sukumo,68,JP,1547916213,82,32.94,132.72,46.37,5.39
532,Shwebo,0,MM,1547916214,86,22.57,95.7,58.02,3.49
533,Conroe,90,US,1547914500,70,30.31,-95.46,48.2,24.16
534,Saint-Joseph,80,FR,1547915400,87,43.56,6.97,48.2,3.36
535,Belaya Gora,20,RU,1547916218,0,68.54,146.19,-50.3,3.04
536,Surt,80,LY,1547916219,100,31.21,16.59,56.18,5.39
537,Hami,36,CN,1547916220,74,42.84,93.51,15.99,1.92
538,Vostok,24,RU,1547916222,48,46.45,135.83,-17.81,2.15
539,General Roca,0,AR,1547913600,28,-39.03,-67.58,84.2,17.22
540,Lompoc,1,US,1547914500,100,34.64,-120.46,51.98,5.5
541,Lawrenceburg,75,US,1547914500,87,35.24,-87.33,59.0,14.99
542,Belle Fourche,12,US,1547914500,48,44.67,-103.85,33.8,6.93
543,Gallarate,75,IT,1547914800,69,45.66,8.79,41.0,4.7
